image: S1-map.png
resolution: 0.05
origin: [-98.4789944, -95.3853557, 0.0000]
negate: 0
occupied_thresh: 0.65
free_thresh: 0.196