image: S5-map.png
resolution: 0.05
origin: [-53.6167952, -54.3378401, 0.0000]
negate: 0
occupied_thresh: 0.65
free_thresh: 0.196
