image: S4-map.png
resolution: 0.05
origin: [-96.0938077, -82.7880085, 0.0000]
negate: 0
occupied_thresh: 0.65
free_thresh: 0.196
